0.000000e+00 3.141593e+00 2.718282e+00
0.000000e+00 3.490659e+00 7.389056e+00
0.000000e+00 3.839724e+00 7.389056e+00
0.000000e+00 4.188790e+00 7.389056e+00
0.000000e+00 4.537856e+00 7.389056e+00
0.000000e+00 4.886922e+00 7.389056e+00
0.000000e+00 5.235988e+00 7.389056e+00
0.000000e+00 5.585054e+00 7.389056e+00
0.000000e+00 5.934119e+00 7.389056e+00
0.000000e+00 6.283185e+00 7.389056e+00
0.000000e+00 6.632251e+00 7.389056e+00
0.000000e+00 6.981317e+00 7.389056e+00
0.000000e+00 7.330383e+00 7.389056e+00
0.000000e+00 7.679449e+00 7.389056e+00
0.000000e+00 8.028515e+00 7.389056e+00
0.000000e+00 8.377580e+00 7.389056e+00
0.000000e+00 8.726646e+00 7.389056e+00
0.000000e+00 9.075712e+00 7.389056e+00
0.000000e+00 9.424778e+00 2.718282e+00

3.490659e-01 3.141593e+00 3.313764e+00
3.490659e-01 3.490659e+00 3.323426e+00
3.490659e-01 3.839724e+00 3.170864e+00
3.490659e-01 4.188790e+00 3.210053e+00
3.490659e-01 4.537856e+00 3.201856e+00
3.490659e-01 4.886922e+00 3.204656e+00
3.490659e-01 5.235988e+00 3.201793e+00
3.490659e-01 5.585054e+00 3.196085e+00
3.490659e-01 5.934119e+00 3.164565e+00
3.490659e-01 6.283185e+00 3.154842e+00
3.490659e-01 6.632251e+00 3.004980e+00
3.490659e-01 6.981317e+00 2.992640e+00
3.490659e-01 7.330383e+00 2.963261e+00
3.490659e-01 7.679449e+00 2.957876e+00
3.490659e-01 8.028515e+00 2.954540e+00
3.490659e-01 8.377580e+00 2.966921e+00
3.490659e-01 8.726646e+00 2.952202e+00
3.490659e-01 9.075712e+00 3.097858e+00
3.490659e-01 9.424778e+00 3.114184e+00

6.981317e-01 3.141593e+00 3.857495e+00
6.981317e-01 3.490659e+00 4.403938e+00
6.981317e-01 3.839724e+00 4.270700e+00
6.981317e-01 4.188790e+00 4.422391e+00
6.981317e-01 4.537856e+00 4.437274e+00
6.981317e-01 4.886922e+00 4.452894e+00
6.981317e-01 5.235988e+00 4.453302e+00
6.981317e-01 5.585054e+00 4.447498e+00
6.981317e-01 5.934119e+00 4.418097e+00
6.981317e-01 6.283185e+00 4.403241e+00
6.981317e-01 6.632251e+00 4.288489e+00
6.981317e-01 6.981317e+00 4.273400e+00
6.981317e-01 7.330383e+00 4.242290e+00
6.981317e-01 7.679449e+00 4.231628e+00
6.981317e-01 8.028515e+00 4.215185e+00
6.981317e-01 8.377580e+00 4.207200e+00
6.981317e-01 8.726646e+00 4.081595e+00
6.981317e-01 9.075712e+00 4.226671e+00
6.981317e-01 9.424778e+00 3.733647e+00

1.047198e+00 3.141593e+00 3.088343e+00
1.047198e+00 3.490659e+00 3.318341e+00
1.047198e+00 3.839724e+00 3.321178e+00
1.047198e+00 4.188790e+00 3.383364e+00
1.047198e+00 4.537856e+00 3.396796e+00
1.047198e+00 4.886922e+00 3.405314e+00
1.047198e+00 5.235988e+00 3.407019e+00
1.047198e+00 5.585054e+00 3.405768e+00
1.047198e+00 5.934119e+00 3.401183e+00
1.047198e+00 6.283185e+00 3.396151e+00
1.047198e+00 6.632251e+00 3.410719e+00
1.047198e+00 6.981317e+00 3.406306e+00
1.047198e+00 7.330383e+00 3.399761e+00
1.047198e+00 7.679449e+00 3.394485e+00
1.047198e+00 8.028515e+00 3.384622e+00
1.047198e+00 8.377580e+00 3.372413e+00
1.047198e+00 8.726646e+00 3.310996e+00
1.047198e+00 9.075712e+00 3.314730e+00
1.047198e+00 9.424778e+00 3.094010e+00

1.396263e+00 3.141593e+00 2.871937e+00
1.396263e+00 3.490659e+00 3.051126e+00
1.396263e+00 3.839724e+00 3.066824e+00
1.396263e+00 4.188790e+00 3.101026e+00
1.396263e+00 4.537856e+00 3.110547e+00
1.396263e+00 4.886922e+00 3.115318e+00
1.396263e+00 5.235988e+00 3.116527e+00
1.396263e+00 5.585054e+00 3.116093e+00
1.396263e+00 5.934119e+00 3.114780e+00
1.396263e+00 6.283185e+00 3.112073e+00
1.396263e+00 6.632251e+00 3.121891e+00
1.396263e+00 6.981317e+00 3.119529e+00
1.396263e+00 7.330383e+00 3.117279e+00
1.396263e+00 7.679449e+00 3.114280e+00
1.396263e+00 8.028515e+00 3.108286e+00
1.396263e+00 8.377580e+00 3.098166e+00
1.396263e+00 8.726646e+00 3.063033e+00
1.396263e+00 9.075712e+00 3.048526e+00
1.396263e+00 9.424778e+00 2.876576e+00

1.745329e+00 3.141593e+00 2.773064e+00
1.745329e+00 3.490659e+00 2.847657e+00
1.745329e+00 3.839724e+00 2.857251e+00
1.745329e+00 4.188790e+00 2.869906e+00
1.745329e+00 4.537856e+00 2.873402e+00
1.745329e+00 4.886922e+00 2.874889e+00
1.745329e+00 5.235988e+00 2.875170e+00
1.745329e+00 5.585054e+00 2.874955e+00
1.745329e+00 5.934119e+00 2.875266e+00
1.745329e+00 6.283185e+00 2.875326e+00
1.745329e+00 6.632251e+00 2.889679e+00
1.745329e+00 6.981317e+00 2.890710e+00
1.745329e+00 7.330383e+00 2.890887e+00
1.745329e+00 7.679449e+00 2.889507e+00
1.745329e+00 8.028515e+00 2.886043e+00
1.745329e+00 8.377580e+00 2.879163e+00
1.745329e+00 8.726646e+00 2.861633e+00
1.745329e+00 9.075712e+00 2.844406e+00
1.745329e+00 9.424778e+00 2.774398e+00

2.094395e+00 3.141593e+00 2.743304e+00
2.094395e+00 3.490659e+00 2.782544e+00
2.094395e+00 3.839724e+00 2.783791e+00
2.094395e+00 4.188790e+00 2.785932e+00
2.094395e+00 4.537856e+00 2.784674e+00
2.094395e+00 4.886922e+00 2.783630e+00
2.094395e+00 5.235988e+00 2.782742e+00
2.094395e+00 5.585054e+00 2.781785e+00
2.094395e+00 5.934119e+00 2.781268e+00
2.094395e+00 6.283185e+00 2.779434e+00
2.094395e+00 6.632251e+00 2.786595e+00
2.094395e+00 6.981317e+00 2.789394e+00
2.094395e+00 7.330383e+00 2.790013e+00
2.094395e+00 7.679449e+00 2.789316e+00
2.094395e+00 8.028515e+00 2.786795e+00
2.094395e+00 8.377580e+00 2.781895e+00
2.094395e+00 8.726646e+00 2.772678e+00
2.094395e+00 9.075712e+00 2.762628e+00
2.094395e+00 9.424778e+00 2.734228e+00

2.443461e+00 3.141593e+00 2.746582e+00
2.443461e+00 3.490659e+00 2.796230e+00
2.443461e+00 3.839724e+00 2.771215e+00
2.443461e+00 4.188790e+00 2.760450e+00
2.443461e+00 4.537856e+00 2.750455e+00
2.443461e+00 4.886922e+00 2.745513e+00
2.443461e+00 5.235988e+00 2.742742e+00
2.443461e+00 5.585054e+00 2.740634e+00
2.443461e+00 5.934119e+00 2.739270e+00
2.443461e+00 6.283185e+00 2.735938e+00
2.443461e+00 6.632251e+00 2.740217e+00
2.443461e+00 6.981317e+00 2.743497e+00
2.443461e+00 7.330383e+00 2.743696e+00
2.443461e+00 7.679449e+00 2.742011e+00
2.443461e+00 8.028515e+00 2.736870e+00
2.443461e+00 8.377580e+00 2.725808e+00
2.443461e+00 8.726646e+00 2.711703e+00
2.443461e+00 9.075712e+00 2.683021e+00
2.443461e+00 9.424778e+00 2.705428e+00

2.792527e+00 3.141593e+00 2.723633e+00
2.792527e+00 3.490659e+00 2.790541e+00
2.792527e+00 3.839724e+00 2.770488e+00
2.792527e+00 4.188790e+00 2.755028e+00
2.792527e+00 4.537856e+00 2.741163e+00
2.792527e+00 4.886922e+00 2.732824e+00
2.792527e+00 5.235988e+00 2.727799e+00
2.792527e+00 5.585054e+00 2.722979e+00
2.792527e+00 5.934119e+00 2.719367e+00
2.792527e+00 6.283185e+00 2.706596e+00
2.792527e+00 6.632251e+00 2.709200e+00
2.792527e+00 6.981317e+00 2.721096e+00
2.792527e+00 7.330383e+00 2.721908e+00
2.792527e+00 7.679449e+00 2.721005e+00
2.792527e+00 8.028515e+00 2.715237e+00
2.792527e+00 8.377580e+00 2.705890e+00
2.792527e+00 8.726646e+00 2.697005e+00
2.792527e+00 9.075712e+00 2.685446e+00
2.792527e+00 9.424778e+00 2.734919e+00

3.141593e+00 3.141593e+00 2.982400e+00
3.141593e+00 3.490659e+00 2.928051e+00
3.141593e+00 3.839724e+00 2.886210e+00
3.141593e+00 4.188790e+00 2.799124e+00
3.141593e+00 4.537856e+00 2.755795e+00
3.141593e+00 4.886922e+00 2.734574e+00
3.141593e+00 5.235988e+00 2.724309e+00
3.141593e+00 5.585054e+00 2.717568e+00
3.141593e+00 5.934119e+00 2.712561e+00
3.141593e+00 6.283185e+00 2.698928e+00
3.141593e+00 6.632251e+00 2.700352e+00
3.141593e+00 6.981317e+00 2.712643e+00
3.141593e+00 7.330383e+00 2.710057e+00
3.141593e+00 7.679449e+00 2.702338e+00
3.141593e+00 8.028515e+00 2.681234e+00
3.141593e+00 8.377580e+00 2.642187e+00
3.141593e+00 8.726646e+00 2.577624e+00
3.141593e+00 9.075712e+00 2.551739e+00
3.141593e+00 9.424778e+00 2.498508e+00

3.490659e+00 3.141593e+00 2.958822e+00
3.490659e+00 3.490659e+00 2.927833e+00
3.490659e+00 3.839724e+00 2.896883e+00
3.490659e+00 4.188790e+00 2.806631e+00
3.490659e+00 4.537856e+00 2.759919e+00
3.490659e+00 4.886922e+00 2.735795e+00
3.490659e+00 5.235988e+00 2.724571e+00
3.490659e+00 5.585054e+00 2.719006e+00
3.490659e+00 5.934119e+00 2.715654e+00
3.490659e+00 6.283185e+00 2.710367e+00
3.490659e+00 6.632251e+00 2.709473e+00
3.490659e+00 6.981317e+00 2.712273e+00
3.490659e+00 7.330383e+00 2.707279e+00
3.490659e+00 7.679449e+00 2.695165e+00
3.490659e+00 8.028515e+00 2.669251e+00
3.490659e+00 8.377580e+00 2.624482e+00
3.490659e+00 8.726646e+00 2.555830e+00
3.490659e+00 9.075712e+00 2.533969e+00
3.490659e+00 9.424778e+00 2.500122e+00

3.839724e+00 3.141593e+00 2.974028e+00
3.839724e+00 3.490659e+00 2.974688e+00
3.839724e+00 3.839724e+00 2.918988e+00
3.839724e+00 4.188790e+00 2.818759e+00
3.839724e+00 4.537856e+00 2.764512e+00
3.839724e+00 4.886922e+00 2.737470e+00
3.839724e+00 5.235988e+00 2.725142e+00
3.839724e+00 5.585054e+00 2.719624e+00
3.839724e+00 5.934119e+00 2.716599e+00
3.839724e+00 6.283185e+00 2.712899e+00
3.839724e+00 6.632251e+00 2.711872e+00
3.839724e+00 6.981317e+00 2.712019e+00
3.839724e+00 7.330383e+00 2.705614e+00
3.839724e+00 7.679449e+00 2.690659e+00
3.839724e+00 8.028515e+00 2.660338e+00
3.839724e+00 8.377580e+00 2.607587e+00
3.839724e+00 8.726646e+00 2.530744e+00
3.839724e+00 9.075712e+00 2.489728e+00
3.839724e+00 9.424778e+00 2.481598e+00

4.188790e+00 3.141593e+00 2.978482e+00
4.188790e+00 3.490659e+00 2.982708e+00
4.188790e+00 3.839724e+00 2.924922e+00
4.188790e+00 4.188790e+00 2.822461e+00
4.188790e+00 4.537856e+00 2.766275e+00
4.188790e+00 4.886922e+00 2.738272e+00
4.188790e+00 5.235988e+00 2.725645e+00
4.188790e+00 5.585054e+00 2.720403e+00
4.188790e+00 5.934119e+00 2.717952e+00
4.188790e+00 6.283185e+00 2.715971e+00
4.188790e+00 6.632251e+00 2.714488e+00
4.188790e+00 6.981317e+00 2.712398e+00
4.188790e+00 7.330383e+00 2.705105e+00
4.188790e+00 7.679449e+00 2.688674e+00
4.188790e+00 8.028515e+00 2.656406e+00
4.188790e+00 8.377580e+00 2.600702e+00
4.188790e+00 8.726646e+00 2.521364e+00
4.188790e+00 9.075712e+00 2.476409e+00
4.188790e+00 9.424778e+00 2.474806e+00

4.537856e+00 3.141593e+00 2.980073e+00
4.537856e+00 3.490659e+00 2.988351e+00
4.537856e+00 3.839724e+00 2.927652e+00
4.537856e+00 4.188790e+00 2.824117e+00
4.537856e+00 4.537856e+00 2.766993e+00
4.537856e+00 4.886922e+00 2.738612e+00
4.537856e+00 5.235988e+00 2.725878e+00
4.537856e+00 5.585054e+00 2.720747e+00
4.537856e+00 5.934119e+00 2.718520e+00
4.537856e+00 6.283185e+00 2.717045e+00
4.537856e+00 6.632251e+00 2.715521e+00
4.537856e+00 6.981317e+00 2.712603e+00
4.537856e+00 7.330383e+00 2.704882e+00
4.537856e+00 7.679449e+00 2.687763e+00
4.537856e+00 8.028515e+00 2.654543e+00
4.537856e+00 8.377580e+00 2.597382e+00
4.537856e+00 8.726646e+00 2.516687e+00
4.537856e+00 9.075712e+00 2.469259e+00
4.537856e+00 9.424778e+00 2.472179e+00

4.886922e+00 3.141593e+00 2.979975e+00
4.886922e+00 3.490659e+00 2.988821e+00
4.886922e+00 3.839724e+00 2.927039e+00
4.886922e+00 4.188790e+00 2.823992e+00
4.886922e+00 4.537856e+00 2.766864e+00
4.886922e+00 4.886922e+00 2.738583e+00
4.886922e+00 5.235988e+00 2.725917e+00
4.886922e+00 5.585054e+00 2.720888e+00
4.886922e+00 5.934119e+00 2.718792e+00
4.886922e+00 6.283185e+00 2.717542e+00
4.886922e+00 6.632251e+00 2.715990e+00
4.886922e+00 6.981317e+00 2.712719e+00
4.886922e+00 7.330383e+00 2.704799e+00
4.886922e+00 7.679449e+00 2.687385e+00
4.886922e+00 8.028515e+00 2.653766e+00
4.886922e+00 8.377580e+00 2.596035e+00
4.886922e+00 8.726646e+00 2.514830e+00
4.886922e+00 9.075712e+00 2.466700e+00
4.886922e+00 9.424778e+00 2.471291e+00

5.235988e+00 3.141593e+00 2.978263e+00
5.235988e+00 3.490659e+00 2.984356e+00
5.235988e+00 3.839724e+00 2.923119e+00
5.235988e+00 4.188790e+00 2.822092e+00
5.235988e+00 4.537856e+00 2.765788e+00
5.235988e+00 4.886922e+00 2.738148e+00
5.235988e+00 5.235988e+00 2.725758e+00
5.235988e+00 5.585054e+00 2.720880e+00
5.235988e+00 5.934119e+00 2.718879e+00
5.235988e+00 6.283185e+00 2.717719e+00
5.235988e+00 6.632251e+00 2.716171e+00
5.235988e+00 6.981317e+00 2.712774e+00
5.235988e+00 7.330383e+00 2.704771e+00
5.235988e+00 7.679449e+00 2.687239e+00
5.235988e+00 8.028515e+00 2.653461e+00
5.235988e+00 8.377580e+00 2.595511e+00
5.235988e+00 8.726646e+00 2.514109e+00
5.235988e+00 9.075712e+00 2.465755e+00
5.235988e+00 9.424778e+00 2.471000e+00

5.585054e+00 3.141593e+00 2.976957e+00
5.585054e+00 3.490659e+00 2.981180e+00
5.585054e+00 3.839724e+00 2.908333e+00
5.585054e+00 4.188790e+00 2.817584e+00
5.585054e+00 4.537856e+00 2.762744e+00
5.585054e+00 4.886922e+00 2.737028e+00
5.585054e+00 5.235988e+00 2.725299e+00
5.585054e+00 5.585054e+00 2.720737e+00
5.585054e+00 5.934119e+00 2.718869e+00
5.585054e+00 6.283185e+00 2.717778e+00
5.585054e+00 6.632251e+00 2.716246e+00
5.585054e+00 6.981317e+00 2.712812e+00
5.585054e+00 7.330383e+00 2.704778e+00
5.585054e+00 7.679449e+00 2.687202e+00
5.585054e+00 8.028515e+00 2.653363e+00
5.585054e+00 8.377580e+00 2.595334e+00
5.585054e+00 8.726646e+00 2.513861e+00
5.585054e+00 9.075712e+00 2.465447e+00
5.585054e+00 9.424778e+00 2.470912e+00

5.934119e+00 3.141593e+00 3.032468e+00
5.934119e+00 3.490659e+00 2.937176e+00
5.934119e+00 3.839724e+00 2.896332e+00
5.934119e+00 4.188790e+00 2.806168e+00
5.934119e+00 4.537856e+00 2.757326e+00
5.934119e+00 4.886922e+00 2.734739e+00
5.934119e+00 5.235988e+00 2.724385e+00
5.934119e+00 5.585054e+00 2.720424e+00
5.934119e+00 5.934119e+00 2.718792e+00
5.934119e+00 6.283185e+00 2.717802e+00
5.934119e+00 6.632251e+00 2.716309e+00
5.934119e+00 6.981317e+00 2.712877e+00
5.934119e+00 7.330383e+00 2.704838e+00
5.934119e+00 7.679449e+00 2.687248e+00
5.934119e+00 8.028515e+00 2.653387e+00
5.934119e+00 8.377580e+00 2.595327e+00
5.934119e+00 8.726646e+00 2.513823e+00
5.934119e+00 9.075712e+00 2.465384e+00
5.934119e+00 9.424778e+00 2.470896e+00

6.283185e+00 0.000000e+00 2.718282e+00
6.283185e+00 3.490659e-01 2.718286e+00
6.283185e+00 6.981317e-01 2.718298e+00
6.283185e+00 1.047198e+00 2.718334e+00
6.283185e+00 1.396263e+00 2.718440e+00
6.283185e+00 1.745329e+00 2.718742e+00
6.283185e+00 2.094395e+00 2.719516e+00
6.283185e+00 2.443461e+00 2.721278e+00
6.283185e+00 2.792527e+00 2.720791e+00
6.283185e+00 3.141593e+00 2.718282e+00
6.283185e+00 3.490659e+00 2.974344e+00
6.283185e+00 3.839724e+00 2.777202e+00
6.283185e+00 4.188790e+00 2.793344e+00
6.283185e+00 4.537856e+00 2.741516e+00
6.283185e+00 4.886922e+00 2.730676e+00
6.283185e+00 5.235988e+00 2.722595e+00
6.283185e+00 5.585054e+00 2.719887e+00
6.283185e+00 5.934119e+00 2.718672e+00
6.283185e+00 6.283185e+00 2.717866e+00
6.283185e+00 6.632251e+00 2.716460e+00
6.283185e+00 6.981317e+00 2.713064e+00
6.283185e+00 7.330383e+00 2.705041e+00
6.283185e+00 7.679449e+00 2.687451e+00
6.283185e+00 8.028515e+00 2.653579e+00
6.283185e+00 8.377580e+00 2.595498e+00
6.283185e+00 8.726646e+00 2.513963e+00
6.283185e+00 9.075712e+00 2.465491e+00
6.283185e+00 9.424778e+00 2.470932e+00

6.632251e+00 0.000000e+00 2.718285e+00
6.632251e+00 3.490659e-01 2.718298e+00
6.632251e+00 6.981317e-01 2.718349e+00
6.632251e+00 1.047198e+00 2.718484e+00
6.632251e+00 1.396263e+00 2.718854e+00
6.632251e+00 1.745329e+00 2.719841e+00
6.632251e+00 2.094395e+00 2.722002e+00
6.632251e+00 2.443461e+00 2.727619e+00
6.632251e+00 2.792527e+00 2.734821e+00
6.632251e+00 3.141593e+00 2.747912e+00
6.632251e+00 3.490659e+00 2.793101e+00
6.632251e+00 3.839724e+00 2.758601e+00
6.632251e+00 4.188790e+00 2.748749e+00
6.632251e+00 4.537856e+00 2.730859e+00
6.632251e+00 4.886922e+00 2.724447e+00
6.632251e+00 5.235988e+00 2.720691e+00
6.632251e+00 5.585054e+00 2.719264e+00
6.632251e+00 5.934119e+00 2.718642e+00
6.632251e+00 6.283185e+00 2.718131e+00
6.632251e+00 6.632251e+00 2.716930e+00
6.632251e+00 6.981317e+00 2.713627e+00
6.632251e+00 7.330383e+00 2.705655e+00
6.632251e+00 7.679449e+00 2.688078e+00
6.632251e+00 8.028515e+00 2.654196e+00
6.632251e+00 8.377580e+00 2.596078e+00
6.632251e+00 8.726646e+00 2.514470e+00
6.632251e+00 9.075712e+00 2.465916e+00
6.632251e+00 9.424778e+00 2.471077e+00

6.981317e+00 0.000000e+00 2.718283e+00
6.981317e+00 3.490659e-01 2.718294e+00
6.981317e+00 6.981317e-01 2.718328e+00
6.981317e+00 1.047198e+00 2.718411e+00
6.981317e+00 1.396263e+00 2.718621e+00
6.981317e+00 1.745329e+00 2.719129e+00
6.981317e+00 2.094395e+00 2.720234e+00
6.981317e+00 2.443461e+00 2.722648e+00
6.981317e+00 2.792527e+00 2.727733e+00
6.981317e+00 3.141593e+00 2.732249e+00
6.981317e+00 3.490659e+00 2.780539e+00
6.981317e+00 3.839724e+00 2.737963e+00
6.981317e+00 4.188790e+00 2.736575e+00
6.981317e+00 4.537856e+00 2.725162e+00
6.981317e+00 4.886922e+00 2.721715e+00
6.981317e+00 5.235988e+00 2.719739e+00
6.981317e+00 5.585054e+00 2.719120e+00
6.981317e+00 5.934119e+00 2.719034e+00
6.981317e+00 6.283185e+00 2.718996e+00
6.981317e+00 6.632251e+00 2.718334e+00
6.981317e+00 6.981317e+00 2.715252e+00
6.981317e+00 7.330383e+00 2.707424e+00
6.981317e+00 7.679449e+00 2.689887e+00
6.981317e+00 8.028515e+00 2.655984e+00
6.981317e+00 8.377580e+00 2.597779e+00
6.981317e+00 8.726646e+00 2.515975e+00
6.981317e+00 9.075712e+00 2.467220e+00
6.981317e+00 9.424778e+00 2.471560e+00

7.330383e+00 0.000000e+00 2.718282e+00
7.330383e+00 3.490659e-01 2.718290e+00
7.330383e+00 6.981317e-01 2.718314e+00
7.330383e+00 1.047198e+00 2.718372e+00
7.330383e+00 1.396263e+00 2.718521e+00
7.330383e+00 1.745329e+00 2.718886e+00
7.330383e+00 2.094395e+00 2.719696e+00
7.330383e+00 2.443461e+00 2.721481e+00
7.330383e+00 2.792527e+00 2.724394e+00
7.330383e+00 3.141593e+00 2.729282e+00
7.330383e+00 3.490659e+00 2.738614e+00
7.330383e+00 3.839724e+00 2.727658e+00
7.330383e+00 4.188790e+00 2.725532e+00
7.330383e+00 4.537856e+00 2.721467e+00
7.330383e+00 4.886922e+00 2.719981e+00
7.330383e+00 5.235988e+00 2.719358e+00
7.330383e+00 5.585054e+00 2.719517e+00
7.330383e+00 5.934119e+00 2.720280e+00
7.330383e+00 6.283185e+00 2.721253e+00
7.330383e+00 6.632251e+00 2.722156e+00
7.330383e+00 6.981317e+00 2.719596e+00
7.330383e+00 7.330383e+00 2.712169e+00
7.330383e+00 7.679449e+00 2.694735e+00
7.330383e+00 8.028515e+00 2.660792e+00
7.330383e+00 8.377580e+00 2.602388e+00
7.330383e+00 8.726646e+00 2.520097e+00
7.330383e+00 9.075712e+00 2.470922e+00
7.330383e+00 9.424778e+00 2.473071e+00

7.679449e+00 0.000000e+00 2.718282e+00
7.679449e+00 3.490659e-01 2.718286e+00
7.679449e+00 6.981317e-01 2.718299e+00
7.679449e+00 1.047198e+00 2.718330e+00
7.679449e+00 1.396263e+00 2.718405e+00
7.679449e+00 1.745329e+00 2.718582e+00
7.679449e+00 2.094395e+00 2.718961e+00
7.679449e+00 2.443461e+00 2.719737e+00
7.679449e+00 2.792527e+00 2.721065e+00
7.679449e+00 3.141593e+00 2.723013e+00
7.679449e+00 3.490659e+00 2.727751e+00
7.679449e+00 3.839724e+00 2.722514e+00
7.679449e+00 4.188790e+00 2.721457e+00
7.679449e+00 4.537856e+00 2.719842e+00
7.679449e+00 4.886922e+00 2.719413e+00
7.679449e+00 5.235988e+00 2.719686e+00
7.679449e+00 5.585054e+00 2.720859e+00
7.679449e+00 5.934119e+00 2.723378e+00
7.679449e+00 6.283185e+00 2.726591e+00
7.679449e+00 6.632251e+00 2.732230e+00
7.679449e+00 6.981317e+00 2.730689e+00
7.679449e+00 7.330383e+00 2.724385e+00
7.679449e+00 7.679449e+00 2.707192e+00
7.679449e+00 8.028515e+00 2.673175e+00
7.679449e+00 8.377580e+00 2.614315e+00
7.679449e+00 8.726646e+00 2.530800e+00
7.679449e+00 9.075712e+00 2.480782e+00
7.679449e+00 9.424778e+00 2.477621e+00

8.028515e+00 0.000000e+00 2.718282e+00
8.028515e+00 3.490659e-01 2.718284e+00
8.028515e+00 6.981317e-01 2.718291e+00
8.028515e+00 1.047198e+00 2.718306e+00
8.028515e+00 1.396263e+00 2.718342e+00
8.028515e+00 1.745329e+00 2.718427e+00
8.028515e+00 2.094395e+00 2.718607e+00
8.028515e+00 2.443461e+00 2.718967e+00
8.028515e+00 2.792527e+00 2.719560e+00
8.028515e+00 3.141593e+00 2.720457e+00
8.028515e+00 3.490659e+00 2.721635e+00
8.028515e+00 3.839724e+00 2.720050e+00
8.028515e+00 4.188790e+00 2.719608e+00
8.028515e+00 4.537856e+00 2.719226e+00
8.028515e+00 4.886922e+00 2.719543e+00
8.028515e+00 5.235988e+00 2.720813e+00
8.028515e+00 5.585054e+00 2.723677e+00
8.028515e+00 5.934119e+00 2.729800e+00
8.028515e+00 6.283185e+00 2.737355e+00
8.028515e+00 6.632251e+00 2.755254e+00
8.028515e+00 6.981317e+00 2.755569e+00
8.028515e+00 7.330383e+00 2.751920e+00
8.028515e+00 7.679449e+00 2.735273e+00
8.028515e+00 8.028515e+00 2.701252e+00
8.028515e+00 8.377580e+00 2.641729e+00
8.028515e+00 8.726646e+00 2.555853e+00
8.028515e+00 9.075712e+00 2.505138e+00
8.028515e+00 9.424778e+00 2.490402e+00

8.377580e+00 0.000000e+00 2.718282e+00
8.377580e+00 3.490659e-01 2.718283e+00
8.377580e+00 6.981317e-01 2.718286e+00
8.377580e+00 1.047198e+00 2.718293e+00
8.377580e+00 1.396263e+00 2.718309e+00
8.377580e+00 1.745329e+00 2.718345e+00
8.377580e+00 2.094395e+00 2.718420e+00
8.377580e+00 2.443461e+00 2.718564e+00
8.377580e+00 2.792527e+00 2.718798e+00
8.377580e+00 3.141593e+00 2.719132e+00
8.377580e+00 3.490659e+00 2.719524e+00
8.377580e+00 3.839724e+00 2.719036e+00
8.377580e+00 4.188790e+00 2.718981e+00
8.377580e+00 4.537856e+00 2.719213e+00
8.377580e+00 4.886922e+00 2.720270e+00
8.377580e+00 5.235988e+00 2.723068e+00
8.377580e+00 5.585054e+00 2.728956e+00
8.377580e+00 5.934119e+00 2.742955e+00
8.377580e+00 6.283185e+00 2.757053e+00
8.377580e+00 6.632251e+00 2.803527e+00
8.377580e+00 6.981317e+00 2.804021e+00
8.377580e+00 7.330383e+00 2.807599e+00
8.377580e+00 7.679449e+00 2.791757e+00
8.377580e+00 8.028515e+00 2.757799e+00
8.377580e+00 8.377580e+00 2.696770e+00
8.377580e+00 8.726646e+00 2.605319e+00
8.377580e+00 9.075712e+00 2.553238e+00
8.377580e+00 9.424778e+00 2.524052e+00

8.726646e+00 0.000000e+00 2.718282e+00
8.726646e+00 3.490659e-01 2.718282e+00
8.726646e+00 6.981317e-01 2.718283e+00
8.726646e+00 1.047198e+00 2.718286e+00
8.726646e+00 1.396263e+00 2.718293e+00
8.726646e+00 1.745329e+00 2.718308e+00
8.726646e+00 2.094395e+00 2.718338e+00
8.726646e+00 2.443461e+00 2.718395e+00
8.726646e+00 2.792527e+00 2.718486e+00
8.726646e+00 3.141593e+00 2.718613e+00
8.726646e+00 3.490659e+00 2.718740e+00
8.726646e+00 3.839724e+00 2.718657e+00
8.726646e+00 4.188790e+00 2.718819e+00
8.726646e+00 4.537856e+00 2.719428e+00
8.726646e+00 4.886922e+00 2.721151e+00
8.726646e+00 5.235988e+00 2.725553e+00
8.726646e+00 5.585054e+00 2.734586e+00
8.726646e+00 5.934119e+00 2.758212e+00
8.726646e+00 6.283185e+00 2.780137e+00
8.726646e+00 6.632251e+00 2.897975e+00
8.726646e+00 6.981317e+00 2.896622e+00
8.726646e+00 7.330383e+00 2.910240e+00
8.726646e+00 7.679449e+00 2.896171e+00
8.726646e+00 8.028515e+00 2.863967e+00
8.726646e+00 8.377580e+00 2.804405e+00
8.726646e+00 8.726646e+00 2.708381e+00
8.726646e+00 9.075712e+00 2.661119e+00
8.726646e+00 9.424778e+00 2.603074e+00

9.075712e+00 0.000000e+00 2.718282e+00
9.075712e+00 3.490659e-01 2.718282e+00
9.075712e+00 6.981317e-01 2.718282e+00
9.075712e+00 1.047198e+00 2.718284e+00
9.075712e+00 1.396263e+00 2.718287e+00
9.075712e+00 1.745329e+00 2.718293e+00
9.075712e+00 2.094395e+00 2.718305e+00
9.075712e+00 2.443461e+00 2.718328e+00
9.075712e+00 2.792527e+00 2.718364e+00
9.075712e+00 3.141593e+00 2.718417e+00
9.075712e+00 3.490659e+00 2.718478e+00
9.075712e+00 3.839724e+00 2.718532e+00
9.075712e+00 4.188790e+00 2.718831e+00
9.075712e+00 4.537856e+00 2.719789e+00
9.075712e+00 4.886922e+00 2.722442e+00
9.075712e+00 5.235988e+00 2.729892e+00
9.075712e+00 5.585054e+00 2.743887e+00
9.075712e+00 5.934119e+00 2.789776e+00
9.075712e+00 6.283185e+00 2.809141e+00
9.075712e+00 6.632251e+00 2.947565e+00
9.075712e+00 6.981317e+00 2.930663e+00
9.075712e+00 7.330383e+00 2.970581e+00
9.075712e+00 7.679449e+00 2.955905e+00
9.075712e+00 8.028515e+00 2.925002e+00
9.075712e+00 8.377580e+00 2.861731e+00
9.075712e+00 8.726646e+00 2.753411e+00
9.075712e+00 9.075712e+00 2.702318e+00
9.075712e+00 9.424778e+00 2.701561e+00

9.424778e+00 0.000000e+00 2.718282e+00
9.424778e+00 3.490659e-01 2.718282e+00
9.424778e+00 6.981317e-01 2.718282e+00
9.424778e+00 1.047198e+00 2.718283e+00
9.424778e+00 1.396263e+00 2.718284e+00
9.424778e+00 1.745329e+00 2.718288e+00
9.424778e+00 2.094395e+00 2.718296e+00
9.424778e+00 2.443461e+00 2.718314e+00
9.424778e+00 2.792527e+00 2.718345e+00
9.424778e+00 3.141593e+00 2.718396e+00
9.424778e+00 3.490659e+00 2.718443e+00
9.424778e+00 3.839724e+00 2.718407e+00
9.424778e+00 4.188790e+00 2.718458e+00
9.424778e+00 4.537856e+00 2.718714e+00
9.424778e+00 4.886922e+00 2.719564e+00
9.424778e+00 5.235988e+00 2.722117e+00
9.424778e+00 5.585054e+00 2.728788e+00
9.424778e+00 5.934119e+00 2.746677e+00
9.424778e+00 6.283185e+00 2.741915e+00
9.424778e+00 6.632251e+00 3.001283e+00
9.424778e+00 6.981317e+00 2.960723e+00
9.424778e+00 7.330383e+00 2.971718e+00
9.424778e+00 7.679449e+00 2.966374e+00
9.424778e+00 8.028515e+00 2.947654e+00
9.424778e+00 8.377580e+00 2.902351e+00
9.424778e+00 8.726646e+00 2.814795e+00
9.424778e+00 9.075712e+00 2.703237e+00
9.424778e+00 9.424778e+00 2.718282e+00



