0.000000e+00 3.141593e+00 0.000000e+00 0.000000e+00
0.000000e+00 3.490659e+00 3.490659e-01 0.000000e+00
0.000000e+00 3.839724e+00 3.490659e-01 0.000000e+00
0.000000e+00 4.188790e+00 3.490659e-01 0.000000e+00
0.000000e+00 4.537856e+00 3.490659e-01 0.000000e+00
0.000000e+00 4.886922e+00 3.490659e-01 0.000000e+00
0.000000e+00 5.235988e+00 3.490659e-01 0.000000e+00
0.000000e+00 5.585054e+00 3.490659e-01 0.000000e+00
0.000000e+00 5.934119e+00 3.490659e-01 0.000000e+00
0.000000e+00 6.283185e+00 3.490659e-01 0.000000e+00
0.000000e+00 6.632251e+00 3.490659e-01 0.000000e+00
0.000000e+00 6.981317e+00 3.490659e-01 0.000000e+00
0.000000e+00 7.330383e+00 3.490659e-01 0.000000e+00
0.000000e+00 7.679449e+00 3.490659e-01 0.000000e+00
0.000000e+00 8.028515e+00 3.490659e-01 0.000000e+00
0.000000e+00 8.377580e+00 3.490659e-01 0.000000e+00
0.000000e+00 8.726646e+00 3.490659e-01 0.000000e+00
0.000000e+00 9.075712e+00 3.490659e-01 0.000000e+00
0.000000e+00 9.424778e+00 0.000000e+00 0.000000e+00

3.490659e-01 3.141593e+00 0.000000e+00 0.000000e+00
3.490659e-01 3.490659e+00 3.487928e-01 -1.380364e-02
3.490659e-01 3.839724e+00 3.490636e-01 1.256842e-03
3.490659e-01 4.188790e+00 3.490593e-01 -2.141594e-03
3.490659e-01 4.537856e+00 3.490655e-01 -4.683631e-04
3.490659e-01 4.886922e+00 3.490658e-01 -4.264625e-05
3.490659e-01 5.235988e+00 3.490652e-01 6.678798e-04
3.490659e-01 5.585054e+00 3.490579e-01 2.351782e-03
3.490659e-01 5.934119e+00 3.490351e-01 4.632430e-03
3.490659e-01 6.283185e+00 3.487805e-01 1.411080e-02
3.490659e-01 6.632251e+00 3.488068e-01 1.344670e-02
3.490659e-01 6.981317e+00 3.490370e-01 4.488418e-03
3.490659e-01 7.330383e+00 3.490587e-01 2.233574e-03
3.490659e-01 7.679449e+00 3.490651e-01 7.054634e-04
3.490659e-01 8.028515e+00 3.490658e-01 -6.810443e-05
3.490659e-01 8.377580e+00 3.490658e-01 -5.804952e-05
3.490659e-01 8.726646e+00 3.490338e-01 -4.732018e-03
3.490659e-01 9.075712e+00 3.490316e-01 4.891168e-03
3.490659e-01 9.424778e+00 0.000000e+00 0.000000e+00

6.981317e-01 3.141593e+00 0.000000e+00 0.000000e+00
6.981317e-01 3.490659e+00 3.330872e-01 -1.044026e-01
6.981317e-01 3.839724e+00 3.482437e-01 -2.394397e-02
6.981317e-01 4.188790e+00 3.486774e-01 -1.646298e-02
6.981317e-01 4.537856e+00 3.490269e-01 -5.213209e-03
6.981317e-01 4.886922e+00 3.490624e-01 -1.545133e-03
6.981317e-01 5.235988e+00 3.490646e-01 9.338222e-04
6.981317e-01 5.585054e+00 3.490399e-01 4.258149e-03
6.981317e-01 5.934119e+00 3.489601e-01 8.591796e-03
6.981317e-01 6.283185e+00 3.484581e-01 2.058873e-02
6.981317e-01 6.632251e+00 3.485830e-01 1.835306e-02
6.981317e-01 6.981317e+00 3.489800e-01 7.739306e-03
6.981317e-01 7.330383e+00 3.490386e-01 4.360564e-03
6.981317e-01 7.679449e+00 3.490556e-01 2.669894e-03
6.981317e-01 8.028515e+00 3.490480e-01 3.530620e-03
6.981317e-01 8.377580e+00 3.489096e-01 1.044271e-02
6.981317e-01 8.726646e+00 3.487978e-01 1.367738e-02
6.981317e-01 9.075712e+00 3.400431e-01 7.885209e-02
6.981317e-01 9.424778e+00 0.000000e+00 0.000000e+00

1.047198e+00 3.141593e+00 0.000000e+00 0.000000e+00
1.047198e+00 3.490659e+00 3.416772e-01 -7.143990e-02
1.047198e+00 3.839724e+00 3.480195e-01 -2.700764e-02
1.047198e+00 4.188790e+00 3.487441e-01 -1.498337e-02
1.047198e+00 4.537856e+00 3.490215e-01 -5.563992e-03
1.047198e+00 4.886922e+00 3.490608e-01 -1.883028e-03
1.047198e+00 5.235988e+00 3.490658e-01 1.142425e-04
1.047198e+00 5.585054e+00 3.490617e-01 1.709775e-03
1.047198e+00 5.934119e+00 3.490515e-01 3.159877e-03
1.047198e+00 6.283185e+00 3.490513e-01 3.183066e-03
1.047198e+00 6.632251e+00 3.490524e-01 3.063810e-03
1.047198e+00 6.981317e+00 3.490529e-01 3.004582e-03
1.047198e+00 7.330383e+00 3.490583e-01 2.290241e-03
1.047198e+00 7.679449e+00 3.490579e-01 2.351316e-03
1.047198e+00 8.028515e+00 3.490399e-01 4.258013e-03
1.047198e+00 8.377580e+00 3.488957e-01 1.089626e-02
1.047198e+00 8.726646e+00 3.485294e-01 1.934446e-02
1.047198e+00 9.075712e+00 3.446083e-01 5.560643e-02
1.047198e+00 9.424778e+00 0.000000e+00 0.000000e+00

1.396263e+00 3.141593e+00 0.000000e+00 0.000000e+00
1.396263e+00 3.490659e+00 3.373466e-01 -8.968977e-02
1.396263e+00 3.839724e+00 3.472595e-01 -3.546583e-02
1.396263e+00 4.188790e+00 3.485895e-01 -1.822893e-02
1.396263e+00 4.537856e+00 3.489937e-01 -7.097608e-03
1.396263e+00 4.886922e+00 3.490567e-01 -2.525513e-03
1.396263e+00 5.235988e+00 3.490657e-01 -3.135388e-04
1.396263e+00 5.585054e+00 3.490646e-01 9.173445e-04
1.396263e+00 5.934119e+00 3.490628e-01 1.456208e-03
1.396263e+00 6.283185e+00 3.490646e-01 -9.464141e-04
1.396263e+00 6.632251e+00 3.490655e-01 -4.662363e-04
1.396263e+00 6.981317e+00 3.490636e-01 1.244110e-03
1.396263e+00 7.330383e+00 3.490627e-01 1.477042e-03
1.396263e+00 7.679449e+00 3.490587e-01 2.226452e-03
1.396263e+00 8.028515e+00 3.490357e-01 4.586198e-03
1.396263e+00 8.377580e+00 3.488933e-01 1.097494e-02
1.396263e+00 8.726646e+00 3.484566e-01 2.061532e-02
1.396263e+00 9.075712e+00 3.450758e-01 5.262757e-02
1.396263e+00 9.424778e+00 0.000000e+00 0.000000e+00

1.745329e+00 3.141593e+00 0.000000e+00 0.000000e+00
1.745329e+00 3.490659e+00 3.379135e-01 -8.752980e-02
1.745329e+00 3.839724e+00 3.474215e-01 -3.384229e-02
1.745329e+00 4.188790e+00 3.486992e-01 -1.599435e-02
1.745329e+00 4.537856e+00 3.490118e-01 -6.139976e-03
1.745329e+00 4.886922e+00 3.490582e-01 -2.318134e-03
1.745329e+00 5.235988e+00 3.490652e-01 -6.655344e-04
1.745329e+00 5.585054e+00 3.490658e-01 -1.740460e-04
1.745329e+00 5.934119e+00 3.490648e-01 -8.648054e-04
1.745329e+00 6.283185e+00 3.490162e-01 -5.889217e-03
1.745329e+00 6.632251e+00 3.490495e-01 -3.378786e-03
1.745329e+00 6.981317e+00 3.490656e-01 -4.566290e-04
1.745329e+00 7.330383e+00 3.490654e-01 5.690972e-04
1.745329e+00 7.679449e+00 3.490616e-01 1.722720e-03
1.745329e+00 8.028515e+00 3.490435e-01 3.947661e-03
1.745329e+00 8.377580e+00 3.489564e-01 8.741060e-03
1.745329e+00 8.726646e+00 3.486918e-01 1.615611e-02
1.745329e+00 9.075712e+00 3.473804e-01 3.426093e-02
1.745329e+00 9.424778e+00 0.000000e+00 0.000000e+00

2.094395e+00 3.141593e+00 0.000000e+00 0.000000e+00
2.094395e+00 3.490659e+00 3.123204e-01 -1.558940e-01
2.094395e+00 3.839724e+00 3.483837e-01 -2.181146e-02
2.094395e+00 4.188790e+00 3.490318e-01 -4.876041e-03
2.094395e+00 4.537856e+00 3.490597e-01 -2.069050e-03
2.094395e+00 4.886922e+00 3.490461e-01 -3.715382e-03
2.094395e+00 5.235988e+00 3.490375e-01 -4.447939e-03
2.094395e+00 5.585054e+00 3.490405e-01 -4.204290e-03
2.094395e+00 5.934119e+00 3.490507e-01 -3.254919e-03
2.094395e+00 6.283185e+00 3.489735e-01 -8.030841e-03
2.094395e+00 6.632251e+00 3.490383e-01 -4.382788e-03
2.094395e+00 6.981317e+00 3.490598e-01 -2.049507e-03
2.094395e+00 7.330383e+00 3.490657e-01 -3.209998e-04
2.094395e+00 7.679449e+00 3.490634e-01 1.314840e-03
2.094395e+00 8.028515e+00 3.490468e-01 3.649398e-03
2.094395e+00 8.377580e+00 3.489919e-01 7.186160e-03
2.094395e+00 8.726646e+00 3.488768e-01 1.148567e-02
2.094395e+00 9.075712e+00 3.486379e-01 1.727862e-02
2.094395e+00 9.424778e+00 0.000000e+00 0.000000e+00

2.443461e+00 3.141593e+00 0.000000e+00 0.000000e+00
2.443461e+00 3.490659e+00 -3.318482e-01 -1.082761e-01
2.443461e+00 3.839724e+00 -2.165783e-01 2.737532e-01
2.443461e+00 4.188790e+00 3.311595e-01 1.103648e-01
2.443461e+00 4.537856e+00 3.480172e-01 -2.703682e-02
2.443461e+00 4.886922e+00 3.419429e-01 -7.015712e-02
2.443461e+00 5.235988e+00 3.396310e-01 -8.060875e-02
2.443461e+00 5.585054e+00 3.414464e-01 -7.253510e-02
2.443461e+00 5.934119e+00 3.460490e-01 -4.579338e-02
2.443461e+00 6.283185e+00 3.480077e-01 -2.715920e-02
2.443461e+00 6.632251e+00 3.489419e-01 -9.301609e-03
2.443461e+00 6.981317e+00 3.490090e-01 -6.297387e-03
2.443461e+00 7.330383e+00 3.490545e-01 -2.816801e-03
2.443461e+00 7.679449e+00 3.490653e-01 6.472510e-04
2.443461e+00 8.028515e+00 3.490212e-01 5.582840e-03
2.443461e+00 8.377580e+00 3.488745e-01 1.155602e-02
2.443461e+00 8.726646e+00 3.485935e-01 1.815293e-02
2.443461e+00 9.075712e+00 3.490329e-01 4.796383e-03
2.443461e+00 9.424778e+00 0.000000e+00 0.000000e+00

2.792527e+00 3.141593e+00 0.000000e+00 0.000000e+00
2.792527e+00 3.490659e+00 -3.483328e-01 -2.261042e-02
2.792527e+00 3.839724e+00 -3.490598e-01 -2.051978e-03
2.792527e+00 4.188790e+00 -3.037761e-01 -1.719506e-01
2.792527e+00 4.537856e+00 -4.702129e-02 -3.458843e-01
2.792527e+00 4.886922e+00 5.380046e-02 -3.448949e-01
2.792527e+00 5.235988e+00 8.614344e-02 -3.382695e-01
2.792527e+00 5.585054e+00 1.209247e-01 -3.274511e-01
2.792527e+00 5.934119e+00 2.141651e-01 -2.756452e-01
2.792527e+00 6.283185e+00 3.174786e-01 -1.451009e-01
2.792527e+00 6.632251e+00 3.469221e-01 -3.862636e-02
2.792527e+00 6.981317e+00 3.477501e-01 -3.027966e-02
2.792527e+00 7.330383e+00 3.484867e-01 -2.009903e-02
2.792527e+00 7.679449e+00 3.488406e-01 -1.253880e-02
2.792527e+00 8.028515e+00 3.490517e-01 -3.139423e-03
2.792527e+00 8.377580e+00 3.489985e-01 6.858685e-03
2.792527e+00 8.726646e+00 3.488468e-01 1.236562e-02
2.792527e+00 9.075712e+00 3.490658e-01 1.697386e-04
2.792527e+00 9.424778e+00 0.000000e+00 0.000000e+00

3.141593e+00 3.141593e+00 0.000000e+00 0.000000e+00
3.141593e+00 3.490659e+00 -3.384298e-01 8.551180e-02
3.141593e+00 3.839724e+00 -2.387195e-01 -2.546762e-01
3.141593e+00 4.188790e+00 -7.277815e-02 -3.413947e-01
3.141593e+00 4.537856e+00 -1.814225e-02 -3.485941e-01
3.141593e+00 4.886922e+00 -1.964690e-03 -3.490603e-01
3.141593e+00 5.235988e+00 4.053736e-03 -3.490423e-01
3.141593e+00 5.585054e+00 9.706880e-03 -3.489309e-01
3.141593e+00 5.934119e+00 2.966617e-02 -3.478029e-01
3.141593e+00 6.283185e+00 1.014175e-01 -3.340082e-01
3.141593e+00 6.632251e+00 2.667417e-01 -2.251574e-01
3.141593e+00 6.981317e+00 2.790072e-01 -2.097664e-01
3.141593e+00 7.330383e+00 2.871798e-01 -1.984307e-01
3.141593e+00 7.679449e+00 2.957056e-01 -1.854863e-01
3.141593e+00 8.028515e+00 3.098380e-01 -1.607713e-01
3.141593e+00 8.377580e+00 3.292890e-01 -1.158262e-01
3.141593e+00 8.726646e+00 3.447009e-01 -5.502956e-02
3.141593e+00 9.075712e+00 3.475919e-01 3.204448e-02
3.141593e+00 9.424778e+00 0.000000e+00 0.000000e+00

3.490659e+00 3.141593e+00 0.000000e+00 0.000000e+00
3.490659e+00 3.490659e+00 -2.919912e-01 1.912802e-01
3.490659e+00 3.839724e+00 -1.074667e-01 -3.321112e-01
3.490659e+00 4.188790e+00 -3.092755e-02 -3.476930e-01
3.490659e+00 4.537856e+00 -9.191475e-03 -3.489448e-01
3.490659e+00 4.886922e+00 -2.184377e-03 -3.490590e-01
3.490659e+00 5.235988e+00 7.850448e-04 -3.490650e-01
3.490659e+00 5.585054e+00 4.922399e-03 -3.490311e-01
3.490659e+00 5.934119e+00 2.204369e-02 -3.483691e-01
3.490659e+00 6.283185e+00 8.505990e-02 -3.385436e-01
3.490659e+00 6.632251e+00 2.426333e-01 -2.509503e-01
3.490659e+00 6.981317e+00 2.546721e-01 -2.387239e-01
3.490659e+00 7.330383e+00 2.617547e-01 -2.309360e-01
3.490659e+00 7.679449e+00 2.714349e-01 -2.194768e-01
3.490659e+00 8.028515e+00 2.885700e-01 -1.964035e-01
3.490659e+00 8.377580e+00 3.145807e-01 -1.512810e-01
3.490659e+00 8.726646e+00 3.392773e-01 -8.208471e-02
3.490659e+00 9.075712e+00 3.473755e-01 3.431117e-02
3.490659e+00 9.424778e+00 0.000000e+00 0.000000e+00

3.839724e+00 3.141593e+00 0.000000e+00 0.000000e+00
3.839724e+00 3.490659e+00 -2.420454e-01 2.515174e-01
3.839724e+00 3.839724e+00 -6.202690e-02 -3.435107e-01
3.839724e+00 4.188790e+00 -1.676945e-02 -3.486628e-01
3.839724e+00 4.537856e+00 -5.087453e-03 -3.490288e-01
3.839724e+00 4.886922e+00 -1.372047e-03 -3.490632e-01
3.839724e+00 5.235988e+00 6.951582e-04 -3.490652e-01
3.839724e+00 5.585054e+00 5.219532e-03 -3.490268e-01
3.839724e+00 5.934119e+00 2.345423e-02 -3.482770e-01
3.839724e+00 6.283185e+00 8.833451e-02 -3.377040e-01
3.839724e+00 6.632251e+00 2.393374e-01 -2.540956e-01
3.839724e+00 6.981317e+00 2.491901e-01 -2.444407e-01
3.839724e+00 7.330383e+00 2.553779e-01 -2.379687e-01
3.839724e+00 7.679449e+00 2.650858e-01 -2.271046e-01
3.839724e+00 8.028515e+00 2.830898e-01 -2.042232e-01
3.839724e+00 8.377580e+00 3.111911e-01 -1.581363e-01
3.839724e+00 8.726646e+00 3.391341e-01 -8.267416e-02
3.839724e+00 9.075712e+00 3.475089e-01 3.293216e-02
3.839724e+00 9.424778e+00 0.000000e+00 0.000000e+00

4.188790e+00 3.141593e+00 0.000000e+00 0.000000e+00
4.188790e+00 3.490659e+00 -1.078051e-01 3.320016e-01
4.188790e+00 3.839724e+00 -2.355287e-02 -3.482703e-01
4.188790e+00 4.188790e+00 -6.546050e-03 -3.490045e-01
4.188790e+00 4.537856e+00 -2.084217e-03 -3.490596e-01
4.188790e+00 4.886922e+00 -4.656307e-04 -3.490655e-01
4.188790e+00 5.235988e+00 1.036367e-03 -3.490643e-01
4.188790e+00 5.585054e+00 5.740126e-03 -3.490187e-01
4.188790e+00 5.934119e+00 2.456640e-02 -3.482003e-01
4.188790e+00 6.283185e+00 9.028003e-02 -3.371891e-01
4.188790e+00 6.632251e+00 2.394139e-01 -2.540235e-01
4.188790e+00 6.981317e+00 2.483711e-01 -2.452729e-01
4.188790e+00 7.330383e+00 2.540140e-01 -2.394240e-01
4.188790e+00 7.679449e+00 2.635145e-01 -2.289259e-01
4.188790e+00 8.028515e+00 2.815164e-01 -2.063868e-01
4.188790e+00 8.377580e+00 3.099551e-01 -1.605454e-01
4.188790e+00 8.726646e+00 3.389360e-01 -8.348255e-02
4.188790e+00 9.075712e+00 3.474221e-01 3.383601e-02
4.188790e+00 9.424778e+00 0.000000e+00 0.000000e+00

4.537856e+00 3.141593e+00 0.000000e+00 0.000000e+00
4.537856e+00 3.490659e+00 -3.330457e-02 3.474734e-01
4.537856e+00 3.839724e+00 -5.372827e-03 -3.490245e-01
4.537856e+00 4.188790e+00 -1.518010e-03 -3.490625e-01
4.537856e+00 4.537856e+00 -4.025898e-04 -3.490656e-01
4.537856e+00 4.886922e+00 1.497841e-04 -3.490658e-01
4.537856e+00 5.235988e+00 1.365144e-03 -3.490632e-01
4.537856e+00 5.585054e+00 6.190599e-03 -3.490110e-01
4.537856e+00 5.934119e+00 2.540388e-02 -3.481402e-01
4.537856e+00 6.283185e+00 9.167635e-02 -3.368121e-01
4.537856e+00 6.632251e+00 2.398894e-01 -2.535745e-01
4.537856e+00 6.981317e+00 2.484185e-01 -2.452248e-01
4.537856e+00 7.330383e+00 2.538017e-01 -2.396491e-01
4.537856e+00 7.679449e+00 2.631547e-01 -2.293394e-01
4.537856e+00 8.028515e+00 2.810799e-01 -2.069808e-01
4.537856e+00 8.377580e+00 3.095748e-01 -1.612775e-01
4.537856e+00 8.726646e+00 3.389160e-01 -8.356364e-02
4.537856e+00 9.075712e+00 3.473953e-01 3.410995e-02
4.537856e+00 9.424778e+00 0.000000e+00 0.000000e+00

4.886922e+00 3.141593e+00 0.000000e+00 0.000000e+00
4.886922e+00 3.490659e+00 2.302250e-02 3.483058e-01
4.886922e+00 3.839724e+00 9.746782e-03 -3.489297e-01
4.886922e+00 4.188790e+00 2.534937e-03 -3.490566e-01
4.886922e+00 4.537856e+00 1.037322e-03 -3.490643e-01
4.886922e+00 4.886922e+00 6.942247e-04 -3.490652e-01
4.886922e+00 5.235988e+00 1.631984e-03 -3.490620e-01
4.886922e+00 5.585054e+00 6.451943e-03 -3.490062e-01
4.886922e+00 5.934119e+00 2.580871e-02 -3.481104e-01
4.886922e+00 6.283185e+00 9.228055e-02 -3.366471e-01
4.886922e+00 6.632251e+00 2.401554e-01 -2.533227e-01
4.886922e+00 6.981317e+00 2.485231e-01 -2.451188e-01
4.886922e+00 7.330383e+00 2.537935e-01 -2.396578e-01
4.886922e+00 7.679449e+00 2.630659e-01 -2.294413e-01
4.886922e+00 8.028515e+00 2.809285e-01 -2.071863e-01
4.886922e+00 8.377580e+00 3.094114e-01 -1.615908e-01
4.886922e+00 8.726646e+00 3.388797e-01 -8.371076e-02
4.886922e+00 9.075712e+00 3.473844e-01 3.422063e-02
4.886922e+00 9.424778e+00 0.000000e+00 0.000000e+00

5.235988e+00 3.141593e+00 0.000000e+00 0.000000e+00
5.235988e+00 3.490659e+00 8.284700e-02 3.390919e-01
5.235988e+00 3.839724e+00 3.570642e-02 -3.472348e-01
5.235988e+00 4.188790e+00 8.622030e-03 -3.489594e-01
5.235988e+00 4.537856e+00 3.255117e-03 -3.490507e-01
5.235988e+00 4.886922e+00 1.475329e-03 -3.490627e-01
5.235988e+00 5.235988e+00 1.945681e-03 -3.490604e-01
5.235988e+00 5.585054e+00 6.632851e-03 -3.490028e-01
5.235988e+00 5.934119e+00 2.600113e-02 -3.480961e-01
5.235988e+00 6.283185e+00 9.252822e-02 -3.365791e-01
5.235988e+00 6.632251e+00 2.402695e-01 -2.532144e-01
5.235988e+00 6.981317e+00 2.485779e-01 -2.450632e-01
5.235988e+00 7.330383e+00 2.538027e-01 -2.396480e-01
5.235988e+00 7.679449e+00 2.630377e-01 -2.294737e-01
5.235988e+00 8.028515e+00 2.808675e-01 -2.072689e-01
5.235988e+00 8.377580e+00 3.093396e-01 -1.617282e-01
5.235988e+00 8.726646e+00 3.388563e-01 -8.380572e-02
5.235988e+00 9.075712e+00 3.473822e-01 3.424316e-02
5.235988e+00 9.424778e+00 0.000000e+00 0.000000e+00

5.585054e+00 3.141593e+00 0.000000e+00 0.000000e+00
5.585054e+00 3.490659e+00 2.089196e-01 2.796418e-01
5.585054e+00 3.839724e+00 8.350807e-02 -3.389297e-01
5.585054e+00 4.188790e+00 2.043486e-02 -3.484672e-01
5.585054e+00 4.537856e+00 7.314501e-03 -3.489892e-01
5.585054e+00 4.886922e+00 2.832076e-03 -3.490544e-01
5.585054e+00 5.235988e+00 2.424618e-03 -3.490574e-01
5.585054e+00 5.585054e+00 6.812802e-03 -3.489994e-01
5.585054e+00 5.934119e+00 2.609644e-02 -3.480890e-01
5.585054e+00 6.283185e+00 9.260687e-02 -3.365575e-01
5.585054e+00 6.632251e+00 2.403014e-01 -2.531842e-01
5.585054e+00 6.981317e+00 2.485902e-01 -2.450508e-01
5.585054e+00 7.330383e+00 2.537977e-01 -2.396533e-01
5.585054e+00 7.679449e+00 2.630175e-01 -2.294968e-01
5.585054e+00 8.028515e+00 2.808342e-01 -2.073140e-01
5.585054e+00 8.377580e+00 3.093039e-01 -1.617963e-01
5.585054e+00 8.726646e+00 3.388430e-01 -8.385925e-02
5.585054e+00 9.075712e+00 3.473812e-01 3.425308e-02
5.585054e+00 9.424778e+00 0.000000e+00 0.000000e+00

5.934119e+00 3.141593e+00 0.000000e+00 0.000000e+00
5.934119e+00 3.490659e+00 3.000488e-01 1.783752e-01
5.934119e+00 3.839724e+00 1.754940e-01 -3.017430e-01
5.934119e+00 4.188790e+00 3.933449e-02 -3.468426e-01
5.934119e+00 4.537856e+00 1.472602e-02 -3.487551e-01
5.934119e+00 4.886922e+00 4.965692e-03 -3.490305e-01
5.934119e+00 5.235988e+00 3.130571e-03 -3.490518e-01
5.934119e+00 5.585054e+00 7.017584e-03 -3.489953e-01
5.934119e+00 5.934119e+00 2.613455e-02 -3.480861e-01
5.934119e+00 6.283185e+00 9.258110e-02 -3.365646e-01
5.934119e+00 6.632251e+00 2.402753e-01 -2.532089e-01
5.934119e+00 6.981317e+00 2.485595e-01 -2.450819e-01
5.934119e+00 7.330383e+00 2.537612e-01 -2.396919e-01
5.934119e+00 7.679449e+00 2.629770e-01 -2.295432e-01
5.934119e+00 8.028515e+00 2.807936e-01 -2.073691e-01
5.934119e+00 8.377580e+00 3.092730e-01 -1.618554e-01
5.934119e+00 8.726646e+00 3.388342e-01 -8.389479e-02
5.934119e+00 9.075712e+00 3.473782e-01 3.428310e-02
5.934119e+00 9.424778e+00 0.000000e+00 0.000000e+00

6.283185e+00 0.000000e+00 0.000000e+00 0.000000e+00
6.283185e+00 3.490659e-01 0.000000e+00 0.000000e+00
6.283185e+00 6.981317e-01 0.000000e+00 0.000000e+00
6.283185e+00 1.047198e+00 0.000000e+00 0.000000e+00
6.283185e+00 1.396263e+00 0.000000e+00 0.000000e+00
6.283185e+00 1.745329e+00 0.000000e+00 0.000000e+00
6.283185e+00 2.094395e+00 0.000000e+00 0.000000e+00
6.283185e+00 2.443461e+00 0.000000e+00 0.000000e+00
6.283185e+00 2.792527e+00 0.000000e+00 0.000000e+00
6.283185e+00 3.141593e+00 0.000000e+00 0.000000e+00
6.283185e+00 3.490659e+00 1.802540e-01 -2.989239e-01
6.283185e+00 3.839724e+00 1.666459e-01 -3.067183e-01
6.283185e+00 4.188790e+00 5.164122e-02 -3.452248e-01
6.283185e+00 4.537856e+00 1.897237e-02 -3.485499e-01
6.283185e+00 4.886922e+00 6.748203e-03 -3.490006e-01
6.283185e+00 5.235988e+00 3.646269e-03 -3.490468e-01
6.283185e+00 5.585054e+00 7.123880e-03 -3.489931e-01
6.283185e+00 5.934119e+00 2.605644e-02 -3.480920e-01
6.283185e+00 6.283185e+00 9.239853e-02 -3.366147e-01
6.283185e+00 6.632251e+00 2.401548e-01 -2.533232e-01
6.283185e+00 6.981317e+00 2.484413e-01 -2.452017e-01
6.283185e+00 7.330383e+00 2.536418e-01 -2.398183e-01
6.283185e+00 7.679449e+00 2.628618e-01 -2.296751e-01
6.283185e+00 8.028515e+00 2.806937e-01 -2.075043e-01
6.283185e+00 8.377580e+00 3.092098e-01 -1.619761e-01
6.283185e+00 8.726646e+00 3.388214e-01 -8.394677e-02
6.283185e+00 9.075712e+00 3.473682e-01 3.438466e-02
6.283185e+00 9.424778e+00 0.000000e+00 0.000000e+00

6.632251e+00 0.000000e+00 0.000000e+00 -3.490659e-01
6.632251e+00 3.490659e-01 -2.297683e-06 -3.490659e-01
6.632251e+00 6.981317e-01 -7.987516e-06 -3.490659e-01
6.632251e+00 1.047198e+00 -1.818284e-05 -3.490658e-01
6.632251e+00 1.396263e+00 -3.203171e-05 -3.490658e-01
6.632251e+00 1.745329e+00 -2.585700e-05 -3.490658e-01
6.632251e+00 2.094395e+00 1.184246e-04 -3.490658e-01
6.632251e+00 2.443461e+00 8.615976e-04 -3.490648e-01
6.632251e+00 2.792527e+00 4.382672e-03 -3.490383e-01
6.632251e+00 3.141593e+00 3.119841e-02 -3.476688e-01
6.632251e+00 3.490659e+00 1.588303e-01 -3.108374e-01
6.632251e+00 3.839724e+00 7.070137e-02 -3.418308e-01
6.632251e+00 4.188790e+00 3.996405e-02 -3.467706e-01
6.632251e+00 4.537856e+00 1.403656e-02 -3.487835e-01
6.632251e+00 4.886922e+00 5.746733e-03 -3.490185e-01
6.632251e+00 5.235988e+00 3.269404e-03 -3.490505e-01
6.632251e+00 5.585054e+00 6.874473e-03 -3.489982e-01
6.632251e+00 5.934119e+00 2.569508e-02 -3.481188e-01
6.632251e+00 6.283185e+00 9.185021e-02 -3.367648e-01
6.632251e+00 6.632251e+00 2.397944e-01 -2.536644e-01
6.632251e+00 6.981317e+00 2.480875e-01 -2.455597e-01
6.632251e+00 7.330383e+00 2.532878e-01 -2.401921e-01
6.632251e+00 7.679449e+00 2.625254e-01 -2.300595e-01
6.632251e+00 8.028515e+00 2.804072e-01 -2.078913e-01
6.632251e+00 8.377580e+00 3.090328e-01 -1.623136e-01
6.632251e+00 8.726646e+00 3.387877e-01 -8.408260e-02
6.632251e+00 9.075712e+00 3.473368e-01 3.470016e-02
6.632251e+00 9.424778e+00 0.000000e+00 0.000000e+00

6.981317e+00 0.000000e+00 0.000000e+00 -3.490659e-01
6.981317e+00 3.490659e-01 4.511516e-06 -3.490659e-01
6.981317e+00 6.981317e-01 1.800466e-05 -3.490658e-01
6.981317e+00 1.047198e+00 6.077442e-05 -3.490658e-01
6.981317e+00 1.396263e+00 1.947636e-04 -3.490658e-01
6.981317e+00 1.745329e+00 5.947791e-04 -3.490653e-01
6.981317e+00 2.094395e+00 1.686969e-03 -3.490618e-01
6.981317e+00 2.443461e+00 4.692475e-03 -3.490343e-01
6.981317e+00 2.792527e+00 1.122873e-02 -3.488852e-01
6.981317e+00 3.141593e+00 2.921188e-02 -3.478414e-01
6.981317e+00 3.490659e+00 6.458171e-02 -3.430396e-01
6.981317e+00 3.839724e+00 3.421008e-02 -3.473854e-01
6.981317e+00 4.188790e+00 1.912681e-02 -3.485414e-01
6.981317e+00 4.537856e+00 7.704713e-03 -3.489808e-01
6.981317e+00 4.886922e+00 3.346146e-03 -3.490498e-01
6.981317e+00 5.235988e+00 2.373558e-03 -3.490578e-01
6.981317e+00 5.585054e+00 6.249004e-03 -3.490099e-01
6.981317e+00 5.934119e+00 2.479872e-02 -3.481838e-01
6.981317e+00 6.283185e+00 9.042344e-02 -3.371507e-01
6.981317e+00 6.632251e+00 2.387821e-01 -2.546175e-01
6.981317e+00 6.981317e+00 2.470923e-01 -2.465610e-01
6.981317e+00 7.330383e+00 2.522898e-01 -2.412402e-01
6.981317e+00 7.679449e+00 2.615781e-01 -2.311361e-01
6.981317e+00 8.028515e+00 2.795979e-01 -2.089784e-01
6.981317e+00 8.377580e+00 3.085296e-01 -1.632680e-01
6.981317e+00 8.726646e+00 3.386904e-01 -8.447352e-02
6.981317e+00 9.075712e+00 3.472423e-01 3.563313e-02
6.981317e+00 9.424778e+00 0.000000e+00 0.000000e+00

7.330383e+00 0.000000e+00 0.000000e+00 -3.490659e-01
7.330383e+00 3.490659e-01 4.966075e-06 -3.490659e-01
7.330383e+00 6.981317e-01 1.826851e-05 -3.490658e-01
7.330383e+00 1.047198e+00 5.581677e-05 -3.490658e-01
7.330383e+00 1.396263e+00 1.622673e-04 -3.490658e-01
7.330383e+00 1.745329e+00 4.509668e-04 -3.490656e-01
7.330383e+00 2.094395e+00 1.186260e-03 -3.490638e-01
7.330383e+00 2.443461e+00 2.999966e-03 -3.490530e-01
7.330383e+00 2.792527e+00 6.987002e-03 -3.489959e-01
7.330383e+00 3.141593e+00 1.535958e-02 -3.487278e-01
7.330383e+00 3.490659e+00 3.402604e-02 -3.474035e-01
7.330383e+00 3.839724e+00 1.609185e-02 -3.486947e-01
7.330383e+00 4.188790e+00 9.634542e-03 -3.489329e-01
7.330383e+00 4.537856e+00 3.964896e-03 -3.490433e-01
7.330383e+00 4.886922e+00 1.746627e-03 -3.490615e-01
7.330383e+00 5.235988e+00 1.491527e-03 -3.490627e-01
7.330383e+00 5.585054e+00 5.194194e-03 -3.490272e-01
7.330383e+00 5.934119e+00 2.279766e-02 -3.483206e-01
7.330383e+00 6.283185e+00 8.689884e-02 -3.380763e-01
7.330383e+00 6.632251e+00 2.359984e-01 -2.571997e-01
7.330383e+00 6.981317e+00 2.443964e-01 -2.492336e-01
7.330383e+00 7.330383e+00 2.495804e-01 -2.440422e-01
7.330383e+00 7.679449e+00 2.590044e-01 -2.340165e-01
7.330383e+00 8.028515e+00 2.773821e-01 -2.119106e-01
7.330383e+00 8.377580e+00 3.071309e-01 -1.658842e-01
7.330383e+00 8.726646e+00 3.384096e-01 -8.559134e-02
7.330383e+00 9.075712e+00 3.469607e-01 3.827823e-02
7.330383e+00 9.424778e+00 0.000000e+00 0.000000e+00

7.679449e+00 0.000000e+00 0.000000e+00 -3.490659e-01
7.679449e+00 3.490659e-01 3.896218e-06 -3.490659e-01
7.679449e+00 6.981317e-01 1.395815e-05 -3.490659e-01
7.679449e+00 1.047198e+00 4.122093e-05 -3.490658e-01
7.679449e+00 1.396263e+00 1.156066e-04 -3.490658e-01
7.679449e+00 1.745329e+00 3.094817e-04 -3.490657e-01
7.679449e+00 2.094395e+00 7.824760e-04 -3.490650e-01
7.679449e+00 2.443461e+00 1.870868e-03 -3.490608e-01
7.679449e+00 2.792527e+00 4.015957e-03 -3.490427e-01
7.679449e+00 3.141593e+00 7.988702e-03 -3.489744e-01
7.679449e+00 3.490659e+00 1.308065e-02 -3.488207e-01
7.679449e+00 3.839724e+00 6.897161e-03 -3.489977e-01
7.679449e+00 4.188790e+00 4.066297e-03 -3.490422e-01
7.679449e+00 4.537856e+00 1.695702e-03 -3.490617e-01
7.679449e+00 4.886922e+00 5.901986e-04 -3.490654e-01
7.679449e+00 5.235988e+00 4.611366e-04 -3.490655e-01
7.679449e+00 5.585054e+00 3.322050e-03 -3.490500e-01
7.679449e+00 5.934119e+00 1.861939e-02 -3.485689e-01
7.679449e+00 6.283185e+00 7.888311e-02 -3.400359e-01
7.679449e+00 6.632251e+00 2.287100e-01 -2.637019e-01
7.679449e+00 6.981317e+00 2.374940e-01 -2.558194e-01
7.679449e+00 7.330383e+00 2.426148e-01 -2.509682e-01
7.679449e+00 7.679449e+00 2.523645e-01 -2.411620e-01
7.679449e+00 8.028515e+00 2.715794e-01 -2.192980e-01
7.679449e+00 8.377580e+00 3.033712e-01 -1.726640e-01
7.679449e+00 8.726646e+00 3.376249e-01 -8.863629e-02
7.679449e+00 9.075712e+00 3.460686e-01 4.564510e-02
7.679449e+00 9.424778e+00 0.000000e+00 0.000000e+00

8.028515e+00 0.000000e+00 0.000000e+00 -3.490659e-01
8.028515e+00 3.490659e-01 2.444114e-06 -3.490659e-01
8.028515e+00 6.981317e-01 8.406352e-06 -3.490659e-01
8.028515e+00 1.047198e+00 2.398312e-05 -3.490658e-01
8.028515e+00 1.396263e+00 6.479077e-05 -3.490658e-01
8.028515e+00 1.745329e+00 1.663716e-04 -3.490658e-01
8.028515e+00 2.094395e+00 4.023362e-04 -3.490656e-01
8.028515e+00 2.443461e+00 9.103743e-04 -3.490647e-01
8.028515e+00 2.792527e+00 1.854849e-03 -3.490609e-01
8.028515e+00 3.141593e+00 3.402370e-03 -3.490493e-01
8.028515e+00 3.490659e+00 5.152413e-03 -3.490278e-01
8.028515e+00 3.839724e+00 2.815026e-03 -3.490545e-01
8.028515e+00 4.188790e+00 1.598254e-03 -3.490622e-01
8.028515e+00 4.537856e+00 5.197857e-04 -3.490655e-01
8.028515e+00 4.886922e+00 -2.534680e-04 -3.490658e-01
8.028515e+00 5.235988e+00 -8.537643e-04 -3.490648e-01
8.028515e+00 5.585054e+00 2.329204e-04 -3.490658e-01
8.028515e+00 5.934119e+00 1.081902e-02 -3.488981e-01
8.028515e+00 6.283185e+00 6.264608e-02 -3.433984e-01
8.028515e+00 6.632251e+00 2.100326e-01 -2.788069e-01
8.028515e+00 6.981317e+00 2.202232e-01 -2.708297e-01
8.028515e+00 7.330383e+00 2.249082e-01 -2.669518e-01
8.028515e+00 7.679449e+00 2.352735e-01 -2.578630e-01
8.028515e+00 8.028515e+00 2.561461e-01 -2.371416e-01
8.028515e+00 8.377580e+00 2.927767e-01 -1.900756e-01
8.028515e+00 8.726646e+00 3.352108e-01 -9.736897e-02
8.028515e+00 9.075712e+00 3.427055e-01 6.633162e-02
8.028515e+00 9.424778e+00 0.000000e+00 0.000000e+00

8.377580e+00 0.000000e+00 0.000000e+00 -3.490659e-01
8.377580e+00 3.490659e-01 1.287196e-06 -3.490659e-01
8.377580e+00 6.981317e-01 4.417927e-06 -3.490659e-01
8.377580e+00 1.047198e+00 1.234757e-05 -3.490659e-01
8.377580e+00 1.396263e+00 3.243374e-05 -3.490658e-01
8.377580e+00 1.745329e+00 8.074088e-05 -3.490658e-01
8.377580e+00 2.094395e+00 1.887808e-04 -3.490658e-01
8.377580e+00 2.443461e+00 4.100465e-04 -3.490656e-01
8.377580e+00 2.792527e+00 7.988197e-04 -3.490649e-01
8.377580e+00 3.141593e+00 1.377880e-03 -3.490631e-01
8.377580e+00 3.490659e+00 1.862884e-03 -3.490609e-01
8.377580e+00 3.839724e+00 1.065254e-03 -3.490642e-01
8.377580e+00 4.188790e+00 5.286763e-04 -3.490655e-01
8.377580e+00 4.537856e+00 -5.990082e-05 -3.490658e-01
8.377580e+00 4.886922e+00 -8.424130e-04 -3.490648e-01
8.377580e+00 5.235988e+00 -2.169816e-03 -3.490591e-01
8.377580e+00 5.585054e+00 -3.379039e-03 -3.490495e-01
8.377580e+00 5.934119e+00 3.280723e-04 -3.490657e-01
8.377580e+00 6.283185e+00 3.725855e-02 -3.470717e-01
8.377580e+00 6.632251e+00 1.661415e-01 -3.069918e-01
8.377580e+00 6.981317e+00 1.793664e-01 -2.994573e-01
8.377580e+00 7.330383e+00 1.820207e-01 -2.978513e-01
8.377580e+00 7.679449e+00 1.925751e-01 -2.911388e-01
8.377580e+00 8.028515e+00 2.146156e-01 -2.752946e-01
8.377580e+00 8.377580e+00 2.597427e-01 -2.331967e-01
8.377580e+00 8.726646e+00 3.261563e-01 -1.243745e-01
8.377580e+00 9.075712e+00 3.216229e-01 1.356675e-01
8.377580e+00 9.424778e+00 0.000000e+00 0.000000e+00

8.726646e+00 0.000000e+00 0.000000e+00 -3.490659e-01
8.726646e+00 3.490659e-01 6.001880e-07 -3.490659e-01
8.726646e+00 6.981317e-01 2.123351e-06 -3.490659e-01
8.726646e+00 1.047198e+00 5.881901e-06 -3.490659e-01
8.726646e+00 1.396263e+00 1.510276e-05 -3.490659e-01
8.726646e+00 1.745329e+00 3.653997e-05 -3.490658e-01
8.726646e+00 2.094395e+00 8.274335e-05 -3.490658e-01
8.726646e+00 2.443461e+00 1.731225e-04 -3.490658e-01
8.726646e+00 2.792527e+00 3.241332e-04 -3.490657e-01
8.726646e+00 3.141593e+00 5.302128e-04 -3.490654e-01
8.726646e+00 3.490659e+00 6.702499e-04 -3.490652e-01
8.726646e+00 3.839724e+00 3.901456e-04 -3.490656e-01
8.726646e+00 4.188790e+00 1.414993e-04 -3.490658e-01
8.726646e+00 4.537856e+00 -2.368965e-04 -3.490658e-01
8.726646e+00 4.886922e+00 -1.027753e-03 -3.490643e-01
8.726646e+00 5.235988e+00 -2.937022e-03 -3.490535e-01
8.726646e+00 5.585054e+00 -6.163467e-03 -3.490114e-01
8.726646e+00 5.934119e+00 -1.083347e-02 -3.488977e-01
8.726646e+00 6.283185e+00 9.709831e-03 -3.489308e-01
8.726646e+00 6.632251e+00 8.941134e-02 -3.374205e-01
8.726646e+00 6.981317e+00 1.063584e-01 -3.324678e-01
8.726646e+00 7.330383e+00 1.009170e-01 -3.341597e-01
8.726646e+00 7.679449e+00 1.069882e-01 -3.322657e-01
8.726646e+00 8.028515e+00 1.201140e-01 -3.277493e-01
8.726646e+00 8.377580e+00 1.571992e-01 -3.116655e-01
8.726646e+00 8.726646e+00 2.693467e-01 -2.220345e-01
8.726646e+00 9.075712e+00 1.524044e-01 3.140380e-01
8.726646e+00 9.424778e+00 0.000000e+00 0.000000e+00

9.075712e+00 0.000000e+00 0.000000e+00 -3.490659e-01
9.075712e+00 3.490659e-01 2.688601e-07 -3.490659e-01
9.075712e+00 6.981317e-01 1.019572e-06 -3.490659e-01
9.075712e+00 1.047198e+00 2.851267e-06 -3.490659e-01
9.075712e+00 1.396263e+00 7.178942e-06 -3.490659e-01
9.075712e+00 1.745329e+00 1.683276e-05 -3.490658e-01
9.075712e+00 2.094395e+00 3.675784e-05 -3.490658e-01
9.075712e+00 2.443461e+00 7.375744e-05 -3.490658e-01
9.075712e+00 2.792527e+00 1.321463e-04 -3.490658e-01
9.075712e+00 3.141593e+00 2.059993e-04 -3.490658e-01
9.075712e+00 3.490659e+00 2.536281e-04 -3.490658e-01
9.075712e+00 3.839724e+00 1.901713e-04 -3.490658e-01
9.075712e+00 4.188790e+00 1.807860e-04 -3.490658e-01
9.075712e+00 4.537856e+00 2.654554e-04 -3.490657e-01
9.075712e+00 4.886922e+00 5.444323e-04 -3.490654e-01
9.075712e+00 5.235988e+00 1.205300e-03 -3.490638e-01
9.075712e+00 5.585054e+00 2.588738e-03 -3.490563e-01
9.075712e+00 5.934119e+00 6.264513e-03 -3.490096e-01
9.075712e+00 6.283185e+00 1.025693e-02 -3.489151e-01
9.075712e+00 6.632251e+00 -2.729700e-02 -3.479969e-01
9.075712e+00 6.981317e+00 -3.666948e-02 -3.471344e-01
9.075712e+00 7.330383e+00 -4.039594e-02 -3.467205e-01
9.075712e+00 7.679449e+00 -5.282497e-02 -3.450456e-01
9.075712e+00 8.028515e+00 -8.020086e-02 -3.397275e-01
9.075712e+00 8.377580e+00 -1.607091e-01 -3.098702e-01
9.075712e+00 8.726646e+00 -3.283612e-01 -1.184310e-01
9.075712e+00 9.075712e+00 -2.592577e-01 2.337357e-01
9.075712e+00 9.424778e+00 0.000000e+00 0.000000e+00

9.424778e+00 0.000000e+00 0.000000e+00 0.000000e+00
9.424778e+00 3.490659e-01 0.000000e+00 0.000000e+00
9.424778e+00 6.981317e-01 0.000000e+00 0.000000e+00
9.424778e+00 1.047198e+00 0.000000e+00 0.000000e+00
9.424778e+00 1.396263e+00 0.000000e+00 0.000000e+00
9.424778e+00 1.745329e+00 0.000000e+00 0.000000e+00
9.424778e+00 2.094395e+00 0.000000e+00 0.000000e+00
9.424778e+00 2.443461e+00 0.000000e+00 0.000000e+00
9.424778e+00 2.792527e+00 0.000000e+00 0.000000e+00
9.424778e+00 3.141593e+00 0.000000e+00 0.000000e+00
9.424778e+00 3.490659e+00 0.000000e+00 0.000000e+00
9.424778e+00 3.839724e+00 0.000000e+00 0.000000e+00
9.424778e+00 4.188790e+00 0.000000e+00 0.000000e+00
9.424778e+00 4.537856e+00 0.000000e+00 0.000000e+00
9.424778e+00 4.886922e+00 0.000000e+00 0.000000e+00
9.424778e+00 5.235988e+00 0.000000e+00 0.000000e+00
9.424778e+00 5.585054e+00 0.000000e+00 0.000000e+00
9.424778e+00 5.934119e+00 0.000000e+00 0.000000e+00
9.424778e+00 6.283185e+00 0.000000e+00 0.000000e+00
9.424778e+00 6.632251e+00 0.000000e+00 0.000000e+00
9.424778e+00 6.981317e+00 0.000000e+00 0.000000e+00
9.424778e+00 7.330383e+00 0.000000e+00 0.000000e+00
9.424778e+00 7.679449e+00 0.000000e+00 0.000000e+00
9.424778e+00 8.028515e+00 0.000000e+00 0.000000e+00
9.424778e+00 8.377580e+00 0.000000e+00 0.000000e+00
9.424778e+00 8.726646e+00 0.000000e+00 0.000000e+00
9.424778e+00 9.075712e+00 0.000000e+00 0.000000e+00
9.424778e+00 9.424778e+00 0.000000e+00 0.000000e+00



